Earthquake Data Statistics
========================

Total Earthquakes: 20000
Date Range: 2023-12-28 23:23:29.550000+00:00 to 2025-05-28 12:29:32+00:00

Magnitude Statistics:
count    20000.000000
mean         4.454005
std          0.416458
min          4.000000
25%          4.100000
50%          4.400000
75%          4.700000
max          7.700000
Name: magnitude, dtype: float64

Depth Statistics:
count    20000.000000
mean        76.052220
std        124.666538
min         -0.100000
25%         10.000000
50%         21.500000
75%         89.000000
max        750.000000
Name: depth, dtype: float64

Model Performance Metrics:
RMSE: 0.3551
R² Score: 0.2328

Feature Importance:
       feature  importance
1    longitude    0.272242
0     latitude    0.267043
2        depth    0.179934
3  day_of_year    0.130418
6         hour    0.109259
4        month    0.026029
5         year    0.015075

Clustering Metrics:
Number of clusters: 33
Average Silhouette Score: -0.092
Calinski-Harabasz Score: 28.952

Cluster Statistics:
        magnitude               depth         latitude        longitude        
             mean   std count    mean     std     mean    std      mean     std
cluster                                                                        
0            4.45  0.32  1755   77.12  123.83     4.63  25.50     33.56  116.62
1            6.51  0.91    11  266.28  284.14    17.28  40.10     39.56  108.26
2            4.24  0.27   944   16.68   19.82    17.56  14.94     -3.66  102.80
3            4.26  0.26  1286   58.29  111.93     9.48  18.76      0.14  112.99
4            4.52  0.36  1135   83.37  120.48     7.71  28.59     38.86  113.41
5            4.29  0.29   563   12.76    7.44    22.42  15.18     30.92   93.58
6            5.86  1.42     5  422.38  244.57     0.32  41.97     -3.05   95.86
7            4.57  0.46   576  107.19  144.24     6.67  32.92     27.59  122.39
8            4.46  0.34  1444   75.23  113.51     5.87  26.82     37.44  115.45
9            5.60  1.15    32  222.97  241.22    14.00  41.14     12.60  112.84
10           5.37  0.89    69  186.78  220.32    18.74  42.58     26.69  118.37
11           4.81  0.55   370  114.83  156.80     8.10  36.23     25.92  119.93
12           4.41  0.31  1523   74.35  123.65     3.52  23.35     27.22  117.96
13           4.68  0.49   385  104.52  144.44     8.55  36.52     39.40  115.60
14           4.54  0.40   867   95.09  137.77     8.15  29.34     41.34  115.44
15           5.15  0.71   100  161.27  192.88     5.31  40.83     21.18  124.55
16           4.24  0.27   892   33.95   64.33    12.91  16.77     -9.61  106.79
17           4.36  0.29  1469   71.89  122.24     3.77  21.59     13.60  117.67
18           4.79  0.66   198  174.99  177.66     7.90  37.80     39.38  125.55
19           5.12  0.81    94  192.14  213.42     8.37  41.80     11.40  131.89
20           4.77  0.59   196  145.29  177.93     6.58  37.69     50.01  107.51
21           4.50  0.36  1014   83.68  121.94     5.80  27.55     38.07  114.87
22           4.39  0.30  1232   72.02  115.65     3.05  23.21     23.93  117.71
23           4.35  0.25   175   12.85    7.13    16.06  26.57     48.37   67.01
24           5.53  1.15    16  152.86  229.11    46.61  37.83     21.22  113.61
25           4.32  0.29   979   67.24  119.86     5.62  20.09      5.33  115.17
26           4.56  0.43   759   91.39  127.36     7.82  31.31     33.78  118.78
27           4.73  0.55   292  128.77  155.57     2.25  34.66     37.06  120.66
28           4.89  0.67   108  157.55  174.81     8.76  38.49     30.03  124.23
29           4.60  0.44   419   99.20  133.08     8.20  32.89     25.99  121.91
30           4.24  0.26   532   25.68   54.94    15.78  17.42     -7.83  104.41
31           4.81  0.56   213  131.80  163.87     8.44  37.62     48.00  121.19
32           4.63  0.46   347  100.15  131.11     6.25  33.22     28.32  115.94